world: b5641e67-fd00-4dcb-aae7-8011294dffc5
world-name: world
x: 0.08691568932336097
y: 71.0
z: 101.40424542294544
yaw: 54.44969940185547
pitch: -4.800004482269287
name: ancient_traveler
lastowner: 194a34aa-b8dc-43d0-a538-517b9966f40a
