world: b5641e67-fd00-4dcb-aae7-8011294dffc5
world-name: world
x: 70.87817176872593
y: 78.0
z: 13.4582831067568
yaw: -129.504638671875
pitch: -4.650025844573975
name: blackmarket
lastowner: 194a34aa-b8dc-43d0-a538-517b9966f40a
