world: b5641e67-fd00-4dcb-aae7-8011294dffc5
world-name: world
x: 4.559379231939646
y: 79.5
z: -9.533620094180375
yaw: -134.54995727539062
pitch: -9.000011444091797
name: courier
lastowner: 194a34aa-b8dc-43d0-a538-517b9966f40a
