world: b5641e67-fd00-4dcb-aae7-8011294dffc5
x: 1.464705617939744
y: 81.0
z: 39.55236747813198
yaw: -0.4503587484359741
pitch: -3.900001049041748
name: crates
lastowner: 194a34aa-b8dc-43d0-a538-517b9966f40a
world-name: world
