world: b5641e67-fd00-4dcb-aae7-8011294dffc5
world-name: world
x: 5.1575703196967
y: 72.0
z: 89.61363900922022
yaw: -178.646728515625
pitch: -0.8997340798377991
name: cubelet_machine
lastowner: 194a34aa-b8dc-43d0-a538-517b9966f40a
