world: 0e4301d6-5ba6-4349-a110-f142836afe7b
world-name: DungeonsWorld
x: 1615.5805770588695
y: 11.0
z: 2379.486888890173
yaw: -98.84983825683594
pitch: -4.500013828277588
name: dungeons01
lastowner: c4ec9959-3831-484b-a052-4f0716598773
