world: 2fa2a9e7-335e-40ad-96a0-5980818e9d16
world-name: world_dungeons
x: 1982.4592831299572
y: 14.0
z: 2476.461434028302
yaw: 176.55039978027344
pitch: -7.80001974105835
name: dungeonscave
lastowner: c4ec9959-3831-484b-a052-4f0716598773
