world: d47d147e-1b08-4d0b-90f0-37bfd88f7d49
x: 77.30625432724975
y: 80.0
z: -3.477105340726226
yaw: -208.79916381835938
pitch: -4.650017261505127
name: enchants
lastowner: c4ec9959-3831-484b-a052-4f0716598773
