world: world
x: 42.87790143343783
y: 16.0
z: 60.41761248567415
yaw: -8.099979
pitch: -7.800011
name: end
lastowner: c4ec9959-3831-484b-a052-4f0716598773
