world: b5641e67-fd00-4dcb-aae7-8011294dffc5
world-name: world
x: 70.12236655810472
y: 72.0
z: 89.48785015727668
yaw: -61.796905517578125
pitch: -1.799727201461792
name: fisherman
lastowner: 194a34aa-b8dc-43d0-a538-517b9966f40a
