world: world
x: -35.80024844308918
y: 16.0
z: 35.83048874740716
yaw: -155.84216
pitch: -1.7999915
name: food
