world: world
x: 41.64868175446959
y: 16.0
z: -24.87019555592653
yaw: -132.89972
pitch: -3.1500022
name: gamble
lastowner: c4ec9959-3831-484b-a052-4f0716598773
