world: b5641e67-fd00-4dcb-aae7-8011294dffc5
world-name: world
x: -12.601898991307156
y: 79.0
z: -31.00588325740461
yaw: 137.25311279296875
pitch: -5.399743556976318
name: inventory_restorer
lastowner: 194a34aa-b8dc-43d0-a538-517b9966f40a
