world: b5641e67-fd00-4dcb-aae7-8011294dffc5
x: -44.35730408712486
y: 78.0
z: -7.612818297729934
yaw: 134.8499298095703
pitch: -11.550024032592773
name: leaderboard
lastowner: 194a34aa-b8dc-43d0-a538-517b9966f40a
world-name: world
