world: b5641e67-fd00-4dcb-aae7-8011294dffc5
world-name: world
x: -56.71411422121691
y: 77.0
z: 3.1797656946029096
yaw: 85.04984283447266
pitch: -5.250004291534424
name: mystery_sorcerer
lastowner: 194a34aa-b8dc-43d0-a538-517b9966f40a
