world: b5641e67-fd00-4dcb-aae7-8011294dffc5
x: -11.909043340521785
y: 73.0
z: 186.6549614347258
yaw: 22.650306701660156
pitch: -0.7500181794166565
name: pvp
lastowner: 194a34aa-b8dc-43d0-a538-517b9966f40a
world-name: world
