world: world
x: 46.7168424595914
y: 16.0
z: -6.5712498629924205
yaw: -102.75568
pitch: -10.799958
name: quests
lastowner: c4ec9959-3831-484b-a052-4f0716598773
