spawns: 
  default: 
    world: world
    x: -11.280590626238155
    y: 98.0625
    z: -34.1476637106131
    yaw: -107.121826
    pitch: -4.7997665
  supremevince: 
    world: world
    x: -11.280590626238155
    y: 98.0625
    z: -34.1476637106131
    yaw: -107.121826
    pitch: -4.7997665